%YAML:1.0
---
mtx: !!opencv-matrix
   rows: 3
   cols: 3
   dt: f
   data: [ 6.67886536e+02, 0., 3.24654510e+02, 0., 7.03262146e+02,
       2.39514160e+02, 0., 0., 1. ]
dist: !!opencv-matrix
   rows: 5
   cols: 1
   dt: f
   data: [ -5.15063703e-01, -4.53455225e-02, 1.00000005e-03,
       1.00000005e-03, 0. ]
